5
4
7
8
6
4
3
1
1
1
3
100
1
1
3
1
100
1
3
1
1
100
4
10
10
10
10
5
1
2
3
4
5
5
5
4
3
2
1
3
2
2
2
3
10
20
30
3
30
20
10
4
1
2
1
2
4
2
1
2
1
4
100
100
1
1
4
1
1
100
100
5
10
1
1
1
10
5
2
2
2
2
2
6
1
1
1
1
1
1
7
1
1
1
1
1
1
1
8
1
1
1
1
1
1
1
1
9
1
1
1
1
1
1
1
1
1
10
1
1
1
1
1
1
1
1
1
1
5
100
1
1
1
1
5
1
100
1
1
1
5
1
1
100
1
1
5
1
1
1
100
1
5
1
1
1
1
100
4
1
2
3
4
4
4
3
2
1
3
10
10
1
3
1
10
10
3
10
1
10
3
50
50
50
3
100
100
100
3
99
99
99
3
2
3
4
3
4
3
2
3
10
100
10
4
10
10
10
1
4
1
10
10
10
4
10
1
10
10
4
10
10
1
10
4
5
5
5
5
4
100
100
100
100
5
10
20
30
40
50
5
50
40
30
20
10
6
10
10
10
10
10
10
7
2
2
2
2
2
2
2
3
100
100
1
3
1
100
100