3
5 9
1 4
3 7
1
0 1000
2
0 499
501 1000
3
0 100
1 99
2 98
3
0 50
40 80
70 100
3
0 20
21 40
41 60
4
0 10
11 20
21 30
31 40
4
0 40
5 15
20 25
30 35
5
0 21
15 35
30 51
45 65
60 80
2
0 10
900 1000
3
0 10
20 30
40 45
4
0 1
2 3
4 5
6 7
4
0 1000
1 2
3 4
5 6
5
100 900
200 300
400 500
600 700
800 850
3
0 55
25 75
50 100
3
0 105
99 200
195 300
3
0 10
11 20
21 30
3
0 10
1 9
2 8
4
0 100
10 90
20 80
30 70
5
500 600
510 590
520 580
530 570
540 560
3
0 100
200 300
50 250
4
0 11
20 30
40 50
1 51
4
0 20
40 60
80 100
10 90
5
10 19
20 29
30 39
40 49
50 59
5
0 5
10 15
20 25
30 35
40 45
2
0 1
999 1000
3
0 1
2 3
4 5
3
0 1000
1 499
501 999
3
0 999
1 1000
500 501
4
0 105
50 150
100 205
151 250
4
0 10
5 16
11 20
17 25
3
0 333
334 666
667 999
3
100 201
150 250
200 300
5
0 105
100 205
200 305
300 405
1 400
6
0 10
11 20
21 30
31 40
41 50
51 60
6
0 10
5 15
20 30
25 35
40 50
45 55
2
498 499
500 501
4
10 20
21 31
15 25
26 35
5
0 10
20 30
40 50
60 70
80 81
5
0 1000
10 20
30 40
50 60
70 80
3
100 900
200 800
300 700
3
0 10
100 110
105 115
3
0 50
45 100
20 80
4
0 1
100 101
200 201
300 301
5
0 10
5 20
15 30
25 40
35 50
4
0 99
100 199
200 299
300 400
3
10 90
20 80
30 70
3
0 10
20 30
5 25
6
0 100
10 20
30 40
50 60
70 80
90 95
10
0 10
20 30
40 50
60 70
80 90
100 110
120 130
140 150
160 170
180 190