260000
4
20000 5
30000 2
10000 6
5000 8
250000
4
20000 5
30000 2
10000 6
5000 8
5000
1
5000 1
10000
2
5000 1
5000 1
15000
3
5000 1
5000 1
5000 1
20000
4
5000 1
5000 1
5000 1
5000 1
25000
5
5000 1
5000 1
5000 1
5000 1
5000 1
500
1
50 10
1000
2
50 10
50 10
1500
3
50 10
50 10
50 10
2000
4
50 10
50 10
50 10
50 10
2500
5
50 10
50 10
50 10
50 10
50 10
100000000
10
1000000 10
1000000 10
1000000 10
1000000 10
1000000 10
1000000 10
1000000 10
1000000 10
1000000 10
1000000 10
1000000
1
1000000 1
10000000
1
1000000 10
30
3
10 1
10 1
10 1
60
3
10 2
10 2
10 2
90
3
10 3
10 3
10 3
120
3
10 4
10 4
10 4
150
3
10 5
10 5
10 5
180
3
10 6
10 6
10 6
210
3
10 7
10 7
10 7
240
3
10 8
10 8
10 8
270
3
10 9
10 9
10 9
300
3
10 10
10 10
10 10
500
2
200 1
300 1
5001
1
5000 1
4999
1
5000 1
10001
2
5000 1
5000 1
9999
2
5000 1
5000 1
15001
3
5000 1
5000 1
5000 1
14999
3
5000 1
5000 1
5000 1
20001
4
5000 1
5000 1
5000 1
5000 1
19999
4
5000 1
5000 1
5000 1
5000 1
25001
5
5000 1
5000 1
5000 1
5000 1
5000 1
24999
5
5000 1
5000 1
5000 1
5000 1
5000 1
501
1
50 10
499
1
50 10
1001
2
50 10
50 10
999
2
50 10
50 10
1501
3
50 10
50 10
50 10
1499
3
50 10
50 10
50 10
2001
4
50 10
50 10
50 10
50 10
1999
4
50 10
50 10
50 10
50 10
10000001
10
1000000 1
1000000 1
1000000 1
1000000 1
1000000 1
1000000 1
1000000 1
1000000 1
1000000 1
1000000 1
9999999
10
1000000 1
1000000 1
1000000 1
1000000 1
1000000 1
1000000 1
1000000 1
1000000 1
1000000 1
1000000 1
1
1
2 1
1000000000
1
1 1
500
2
200 1
400 1
2
1
1 1