12
77
38
41
53
92
85
2
4
20
32
6
10
8
1
3
5
7
9
11
13
2
4
6
8
10
12
14
1
1
1
1
1
1
1
99
99
99
99
99
99
99
2
2
2
2
2
2
2
1
2
2
2
2
2
2
2
2
2
2
2
2
1
2
2
2
1
2
2
2
99
2
2
2
2
2
2
2
99
2
2
2
2
2
2
2
99
2
2
2
2
2
2
2
99
2
2
2
2
2
2
2
99
2
2
2
2
2
2
2
99
2
2
2
2
2
2
2
99
13
13
13
13
14
14
14
14
14
14
13
13
13
13
25
25
25
25
25
25
26
11
22
33
44
55
66
77
98
97
96
95
94
93
92
3
5
7
9
2
4
6
2
4
6
8
1
3
5
5
4
3
2
1
98
99
99
98
1
2
3
4
5
15
17
19
21
23
25
27
27
25
23
21
19
17
15
51
51
52
52
53
53
54
81
83
85
87
89
91
93
8
18
28
38
48
58
68
7
17
27
37
47
57
67
10
20
30
40
50
60
71
11
20
30
40
50
60
71
11
21
30
40
50
60
71
11
21
31
40
50
60
71
11
21
31
41
50
60
71
11
21
31
41
51
60
71
11
21
31
41
51
61
71
10
11
10
11
10
11
10
11
10
11
10
11
10
11
49
49
49
49
50
50
50
50
50
50
50
49
49
49
1
99
2
98
3
97
4
99
1
98
2
97
3
96
23
23
23
23
23
23
23
88
88
88
88
88
88
89
89
88
88
88
88
88
88
55
66
77
88
99
12
34
12
34
56
17
19
21
23