20000 180000
120000 680000
2500 47500
3000 57000
3500 66500
4000 76000
4500 85500
10000 90000
11000 99000
12000 108000
15000 135000
25000 225000
30000 270000
35000 315000
40000 360000
45000 405000
48000 432000
49000 441000
75000 425000
76500 433500
82500 467500
90000 510000
97500 552500
105000 595000
112500 637500
127500 722500
135000 765000
142500 807500
147000 833000
148500 841500
200000 800000
202000 808000
220000 880000
300000 1200000
400000 1600000
500000 2000000
600000 2400000
700000 2800000
800000 3200000
900000 3600000
1000000 4000000
1100000 4400000
1200000 4800000
1400000 5600000
1600000 6400000
1800000 7200000
1900000 7600000
1980000 7920000
1998000 7992000
2000000 8000000