9 0 0
8 59 59
0 0 38
1 0 0
0 59 59
0 59 0
1 0 0
0 59 59
0 59 0
1 0 0
0 59 59
0 59 0
1 0 0
0 59 59
0 59 0
1 0 0
0 59 59
0 59 0
1 0 0
0 59 59
0 59 0
1 0 0
0 59 59
0 59 0
1 0 0
0 59 59
0 59 0
1 0 0
0 59 59
0 59 0
1 0 0
0 59 59
0 59 0
1 0 0
0 59 59
0 59 0
1 0 0
0 59 59
0 59 0
1 0 0
0 59 59
0 59 0
1 0 0
0 59 59
0 59 0
1 0 0
0 59 59
0 59 0
0 1 1
0 1 1
0 1 1
0 1 1
0 1 1
0 1 1
0 1 1
0 1 1
0 1 1
0 1 1
0 1 1
0 1 1
0 1 1
0 1 1
0 1 1
0 19 20
0 19 20
0 19 20
0 19 20
0 19 20
0 19 20
0 19 20
0 19 20
0 19 20
0 19 20
0 19 20
0 19 20
0 19 20
0 19 20
0 19 20
0 0 1
0 0 2
0 0 3
0 0 4
0 0 5
0 0 6
0 0 7
0 0 8
0 0 9
0 0 10
0 0 11
0 0 12
0 59 59
0 59 58
0 59 57
0 59 56
0 59 55
0 59 54
0 59 53
0 59 52
0 59 51
0 59 50
0 59 49
0 59 48
15 59 59
15 59 59
15 59 59
15 59 58
15 59 58
15 59 58
12 0 0
12 0 0
12 0 0
10 30 0
10 30 0
10 30 0
1 30 0
1 30 0
1 30 0
1 30 0
1 30 0
1 30 0
1 30 0
1 30 0
1 30 0
1 30 0
1 30 0
1 30 0
1 44 35
1 44 35
1 44 35
1 44 35
1 44 35
1 44 35
1 44 35
1 44 35
1 44 35
1 44 35
1 44 35
1 44 35
1 44 35
1 44 35
10 0 0
15 0 0
13 0 0
11 0 0
9 0 0
7 0 0
5 0 0
3 0 0
1 0 0
0 0 1