9 0 0 18 0 0
9 0 1 18 0 0
12 14 52 12 15 30
7 0 0 8 0 0
7 0 1 8 0 0
7 1 0 8 0 0
8 0 0 9 0 0
8 0 1 9 0 0
8 1 0 9 0 0
9 0 0 10 0 0
9 0 1 10 0 0
9 1 0 10 0 0
10 0 0 11 0 0
10 0 1 11 0 0
10 1 0 11 0 0
11 0 0 12 0 0
11 0 1 12 0 0
11 1 0 12 0 0
12 0 0 13 0 0
12 0 1 13 0 0
12 1 0 13 0 0
13 0 0 14 0 0
13 0 1 14 0 0
13 1 0 14 0 0
14 0 0 15 0 0
14 0 1 15 0 0
14 1 0 15 0 0
15 0 0 16 0 0
15 0 1 16 0 0
15 1 0 16 0 0
16 0 0 17 0 0
16 0 1 17 0 0
16 1 0 17 0 0
17 0 0 18 0 0
17 0 1 18 0 0
17 1 0 18 0 0
18 0 0 19 0 0
18 0 1 19 0 0
18 1 0 19 0 0
19 0 0 20 0 0
19 0 1 20 0 0
19 1 0 20 0 0
20 0 0 21 0 0
20 0 1 21 0 0
20 1 0 21 0 0
21 0 0 22 0 0
21 0 1 22 0 0
21 1 0 22 0 0
7 0 0 7 1 1
8 0 0 8 1 1
9 0 0 9 1 1
10 0 0 10 1 1
11 0 0 11 1 1
12 0 0 12 1 1
13 0 0 13 1 1
14 0 0 14 1 1
15 0 0 15 1 1
16 0 0 16 1 1
17 0 0 17 1 1
18 0 0 18 1 1
19 0 0 19 1 1
20 0 0 20 1 1
21 0 0 21 1 1
7 50 50 8 10 10
8 50 50 9 10 10
9 50 50 10 10 10
10 50 50 11 10 10
11 50 50 12 10 10
12 50 50 13 10 10
13 50 50 14 10 10
14 50 50 15 10 10
15 50 50 16 10 10
16 50 50 17 10 10
17 50 50 18 10 10
18 50 50 19 10 10
19 50 50 20 10 10
20 50 50 21 10 10
21 50 50 22 10 10
7 0 0 7 0 1
8 0 0 8 0 2
9 0 0 9 0 3
10 0 0 10 0 4
11 0 0 11 0 5
12 0 0 12 0 6
13 0 0 13 0 7
14 0 0 14 0 8
15 0 0 15 0 9
16 0 0 16 0 10
17 0 0 17 0 11
18 0 0 18 0 12
7 0 1 8 0 0
8 0 2 9 0 0
9 0 3 10 0 0
10 0 4 11 0 0
11 0 5 12 0 0
12 0 6 13 0 0
13 0 7 14 0 0
14 0 8 15 0 0
15 0 9 16 0 0
16 0 10 17 0 0
17 0 11 18 0 0
18 0 12 19 0 0
7 0 0 22 59 59
7 0 0 22 59 59
7 0 0 22 59 59
7 0 1 22 59 59
7 0 1 22 59 59
7 0 1 22 59 59
8 30 30 20 30 30
9 30 30 21 30 30
10 30 30 22 30 30
7 15 0 17 45 0
8 15 0 18 45 0
9 15 0 19 45 0
10 45 0 12 15 0
11 45 0 13 15 0
12 45 0 14 15 0
13 45 0 15 15 0
14 45 0 16 15 0
15 45 0 17 15 0
16 45 0 18 15 0
17 45 0 19 15 0
18 45 0 20 15 0
19 45 0 21 15 0
20 45 0 22 15 0
7 45 0 9 15 0
8 30 45 10 15 20
9 30 45 11 15 20
10 30 45 12 15 20
11 30 45 13 15 20
12 30 45 14 15 20
13 30 45 15 15 20
14 30 45 16 15 20
15 30 45 17 15 20
16 30 45 18 15 20
17 30 45 19 15 20
18 30 45 20 15 20
19 30 45 21 15 20
20 30 45 22 15 20
7 30 45 9 15 20
8 10 10 18 10 10
7 0 0 22 0 0
8 0 0 21 0 0
9 0 0 20 0 0
10 0 0 19 0 0
11 0 0 18 0 0
12 0 0 17 0 0
13 0 0 16 0 0
14 0 0 15 0 0
7 59 59 8 0 0